0 785897 0
2 227 0
3 104 0
4 28 0
5 45 0
6 4 0
7 91 0
8 3 0
9 77 0
10 2 0
12 1 0
14 5 0
15 680 1
16 5983 5
17 6 0
19 3 0
20 377 0
21 212 0
23 20 0
24 27 0
25 75 0
26 1000 0
27 62 0
28 367 0
29 2534 0
30 6004 0
31 766 0
32 834 0
33 913 0
34 396 0
35 5 0
36 1 0
38 4 0
39 8 0
40 59 0
42 9 0
43 45 0
45 10 0
46 33 0
47 3 0
49 15 0
51 107 0
52 166 0
53 507 0
54 680 0
55 46 0
57 2 0
58 324 0
59 70 0
60 28 0
61 192 0
62 133 0
63 13 0
64 231 0
65 6 0
66 345 0
67 20 0
68 27 0
69 348 11
70 20 0
71 31 0
72 21 0
73 283 4
74 253 12
75 30 0
76 37 0
77 23 0
78 18 0
79 99 0
84 3140 0
85 4052 0
86 7 0
87 877 0
88 1595 0
89 702 0
90 1026 0
92 4 0
100 11 0
101 63 0
102 65 0
104 1 0
105 7386 0
106 15 0
107 2149 0
109 4063 0
110 3053 1
111 25 0
112 3915 0
113 7 0
114 39 0
115 317 0
116 76 0
117 108 0
118 54 0
119 13 0
120 18 0
121 21 0
122 26 0
123 19 0
124 11 0
125 15 0
126 389 0
127 18 0
128 18 0
129 16 0
130 263 0
131 281 0
132 26728 0
133 2252 0
134 1 0
135 30 0
136 527 0
137 20 0
138 38 0
139 10 0
140 21 0
141 17 0
142 11 0
143 158 0
145 85 0
147 33 0
148 38 0
149 26 0
150 4 0
151 35 0
152 9 0
153 153 0
154 106 1
159 0 239
160 51 0
161 8 0
162 2 0
163 5 0
164 11 0
165 35 0
166 18 0
167 1 0
168 1 0
169 15 0
170 10 0
171 119 0
172 50 868
173 2204 0
174 11733 0
175 104 0
176 99 0
177 5403 0
178 2078 0
179 19260 0
